201930920
201930921
201930922
201930923
201930924
201930925
201930926
201930927
201930928
201930929
201930930
201930931
201930932
201930933
201930934
201930935
201930936
201930937
201930938
201930939
201930940
201930941
201930942
201930943
201930944
201930945
201930946
201930947
201930948
201930949
201930950
201930951
201930952
201930953
201930954
201930955
201930956
201930957
201930958
201930959
201930960
201930961
201930962
201930963
201930964
201930965
201930966
201930967
201930968
201930969
201930970
201930971
201930972
201930973
201930974
201930975
201930976
201930977
201930978
201930979
201930980
201930981
201930982
201930983
201930984
201930985
201930986
201930987
201930988
201930989
201930990
201930991
201930992
201930993
201930994
201930995
201930996
201930997
201930998
201930999
201931000
201931001
201931002
201931003
201931004
201931005
201931006
201931007
201931008
201931009
201931010
201931011
201931012
201931013
201931014
201931015
201931016
201931017
201931018
201931019
201931020
201931021
201931022
201931023
201931024
201931025
201931026
201931027
201931028
201931029
201931030
201931031
201931032
201931033
202031034
202031035
202031036
202031037
202031038
202031039
202031040
202031041
202031042
202031043
202031044
202031045
202031046
202031047
202031048
202031049
202031050
202031051
202031052
202031053
202031054
202031055
202031056
202031057
202031058
202031059
202031060
202031061
202031062
202031063
202031064
202031065
202031066
202031067
202031068
202031069
202031070
202031071
202031072
202031073
202031074
202031075
202031076
202031077
202031078
202031079
202031080
202031081
202031082
202031083
202031084
202031085
202031086
202031087
202031088
202031089
202031090
202031091
202031092
202031093
202031094
202031095
202031096
202031097
202031098
202031099
202031100
202031101
202031102
202031103
202031104
202031105
202031106
202031107
202031108
202031109
202031110
202031111
202031112
202031113
202031114
202031115
202031116
202031117
202031118
202031119
202031120
202031121
202031122
202031123
202031124
202031125
202031126
202031127
202031128
202031129
202031130
202031131
202031132
202031133
202031134
202031135
202031136
202031137
202031138
202031139
202031140
202031141
202031142
202031143
202031144
202031145
202031146
202031147
202031148
202031149
202031150
202031151
202031152
202031153
202031154
202031155
202031156
202031157
202031158
202031159
202031160
202031161
202131162
202131163
202131164
202131165
202131166
202131167
202131168
202131169
202131170
202131171
202131172
202131173
202131174
202131175
202131176
202131177
202131178
202131179
202131180
202131181
202131182
202131183
202131184
202131185
202131186
202131187
202131188
202131189
202131190
202131191
202131192
202131193
202131194
202131195
202131196
202131197
202131198
202131199
202131200
202131201
202131202
202131203
202131204
202131205
202131206
202131207
202131208
202131209
202131210
202131211
202131212
202131213
202131214
202131215
202131216
202131217
202131218
202131219
202131220
202131221
202131222
202131223
202131224
202131225
202131226
202131227
202131228
202131229
202131230
202131231
202131232
202131233
202131234
202131235
202131236
202131237
202131238
202131239
202131240
202131241
202131242
202131243
202131244
202131245
202131246
202131247
202131248
202131249
202131250
202131251
202131252
202131253
202131254
202131255
202131256
202131257
202131258
202131259
202131260
202131261
202131262
202131263
202131264
202131265
202131266
202131267
202131268
202131269
202131270
202131271
202131272
202131273
202131274
202131275
202131276
202131277
202131278
202131279
202131280
202131281
202131282
202131283
202131284
202131285
202131286
202131287
202131288
202131289
202131290
202131291
202131292
202131293
202131294
202131295
202131296
202131297
202131298
202131299
202131300
202131301
202131302
202131303
202131304
202131305
202131306
202131307
202131308
202131309
202131310
202131311
202131312
202131313
202131314
202131315
202131316
202131317
202131318
202131319
202131320
202131321
202131322