202031161
202031063
201930984
202131203
201930950
201930945
202031065
201930927
201930992
202031087
202131272
202031089
202031037
202131259
202131308
201931015
201931021
202031088
201930981
201930923
201930988
202131189
201930925
202131242
202131275
201930935
201930999
201930920
202031047
202031112
202131302
202031114
201931027
201930929
201930972
202031090
202031145
202131166
202031099
202131301
202131278
202131289
202131223
202131271
202031118
201930938
202131252
202031152
202031148
202131206
202131290
202031059
202131193
202131232
202031093
202131197
202131255
202131281
202131227
201930969
202031042
202131238
202131267
201930952
201930944
201930957
202131187
202131241
202031097
202131210
202131296
202131321
201930942
201930982
202031126
201930991
202131266
202031105
201930936
202031154
202131198
202131162
202031076
201931023
201931033
202031049
202031156
202131165
201930946
201931002
