202031141
202031084
202031060
202031120
202131231
202031088
202131276
202131238
202131267
202131214
202131186
202131300
202131169
202131259
201930976
202031037
202031053
202131166
201930993
201930950
202131321
202131313
201930935
202031098
202031075
202131317
201930923
202031099
202031143
202031092
202131233
201930941
202131194
201930925
202031056
201930978
202131189
202031121
202131173
202131289
202131193
202131253
202031113
202031142
202031069
202031130
201930929
202131273
201930998
202031119
202131207
202131265
202131291
202131315
201930963
201931024
202131191
202131164
202031094
202131275
202131271
202131292
202131308
202131223
202031051
202131178
202031038
202031135
202031042
202131295
201931006
202131179
202131278
202131198
201931019
202031149
202031114
